upc12
007218056624
001200018399
007199030071
020332900000
001376402810
085518800303
007800000201
078616212400
005260305631
004242114014
085103500364
007618332357
001428500023
001200000131
078483010010
002840064640
004133112466
085961200130
007800005216
085609600310
006264607009
007790100776
001405406405
007488003072
002840005410
085725200603
085194900452
078978576444
007885851017
002531700591
001115245409
002840004767
001115220022
001512419042
078535701599
078011510633
078714800211
083330200664
001356210099
007800001846
008915600136
081833601189
007289000020
086052100011
007270010403
008147534789
085961200103
081466901065
001115220508
004154806992
002460001086
080717671154
007313002552
001550019135
007457065140
002529300272
007041101345
061076486363
004154801685
004133102874
001360902057
004242114013
007658000491
004400005359
002682500772
076394622502
073762800300
008425322215
003997803332
004498900227
003619212210
072243033016
067852307033
007236813602
081369402426
084288509821
004812122903
085186100610
004900005545
001820015981
007800001952
085283400213
079603011496
002840017741
078732520073
007064001805
007989340155
086287100033
007218063809
085358400224
004145710938
001200010950
002840062582
002840092334
085562000702
085044600874
007488003070
490132604005
073796400045
007457001700
007286972302
003114285280
061126917452
001410008562
002250611710
007505000610
001200010114
001159410052
007893220651
003915600602
004154800775
018657000090
007313002580
004900002934
001200081000
007457095239
089819500140
002500006153
008382012368
001820000769
085662400413
004850005200
008259272215
001115225767
085025100420
078535701907
081029100100
081029100106
007270010245
007724510253
061126932121
007632000036
003291700052
001410007946
085706300206
082562570250
083872400021
020206400000
069899780954
004400005169
004400005549
004400002734
085863800400
004157005260
007373100328
007724510996
065762221677
079540092731
007433368505
007218063429
087145900900
008425322213
078616200514
007297900416
007294560199
085428500086
073639310500
880104530304
001200018061
020323500000
007225001854
002430004146
008259263228
085191600321
004900005023
085706300247
085495700232
078535701708
008066095796
007420060929
002840065932
007341640203
085257400302
007457065057
002018805025
007084701324
081692502066
007015788270
001200000739
004154841318
004154875150
036193023161
004856407101
009047841003
071006901101
001115210790
076722603564
007488005739
007199850000
085814800310
007289000016
007554500610
007341095656
089391900130
001820006991
071138132091
002840001935
078978550002
085594300208
085055100505
075452700022
008382012393
004300000664
007618326009
007488006172
002750061439
078978501962
087145900013
008259272715
070617302012
001115221347
074616782005
085055100507
004400005873
002500006151
073215302849
085899600500
087145900198
004123500067
003997850103
004139004202
007199806502
061126913345
072243032048
001115203188
008577500715
004900007040
076722603566
085097700509
007218073367
085272415551
074447300113
020256700000
001115226553
069899780929
007440173423
001200000159
002113012324
062805575845
003785477422
004856420000
004400000055
063625188901
002113011259
085895900536
001115207071
007079670001
007373107121
002840037185
004400005041
085817600215
007618332364
007800001950
002840015938
086780100013
078535701205
004400004059
007618600002
076317630006
085181800153
009492278604
085958400705
001200080994
001200018181
089175600021
081833601176
076394622401
085231100430
078616200369
005194310341
074447391515
002840067669
007225009366
073762801027
002840007098
002840063769
004242100008
007218063473
007457048418
003335705101
480001608103
085899600504
001512419048
081167003012
078535701731
001200001426
007800001181
007341650960
001410007884
007341604531
072534226073
085827600406
081395800990
002840015625
007800000208
008066095623
002500005828
007084781124
003997802596
085315210032
001410008783
070559901343
004400004638
001410009606
084223400333
008066095625
076722633947
072534226071
087000100011
080154150000
078616200151
078535783416
004145811705
007457046203
007341602005
004900003719
071006912890
007800011816
089044400084
007889513107
007800000386
060367510495
085594300201
008266621812
007232071003
004400004913
081529400020
007255400156
069899780617
072534228071
005260304180
007199000008
081809400525
001200018149
061126981899
081654601028
085055100537
007647963616
001376402727
064843610001
007800000189
001200011224
009190310101
085358400223
085788600638
004856406701
006927603200
471015402026
004139000009
002840061902
001115203830
003410077434
004173608005
008411411097
001356200221
004139002060
085231100459
002113003257
085044600873
004400003038
008086800035
007496400200
068765215300
004812127620
081075701109
002531710555
001410004742
088483200001
002840067671
007341602035
085388300372
076777803003
002840018685
008994780230
004900007388
060654192038
002840000078
008382012360
001405403088
085315800424
003291700197
061126910900
061300873771
008066095765
081779202014
086155500011
007346980113
003291700014
085300400454
081567702206
087393400217
060418312173
081195501103
007245788011
004133102146
085645200417
001674100020
001115213439
004227200550
004900004584
072383000001
007800014846
004900007547
007351080016
004145810556
002840014740
004900007035
007373108203
086751800001
076982812045
089435700200
001410009347
085550000272
007199812762
007079250110
074848510296
007116603126
072822901450
067852301041
007641090432
001200014208
004400001592
004318200092
006205881634
001410007481
490100207338
085047500601
089899904000
002840064641
004400004649
086530200013
005100021911
003619212702
089899901200
085194900434
085262900461
085155200502
085606900500
001356261002
007618300022
004900005217
008834510005
076722602102
085122200710
007044640000
089758000016
004154841362
495624500211
071923500241
018062600021
005100021917
087145900001
005150050210
073381500666
001115243168
007800001281
003354495061
007618300100
020332300000
001410007472
085817600231
060418312170
085921300589
007341651010
086081800010
006731200799
007800000357
068946642466
007015329045
078535783166
067994810051
081790400621
007289000159
063243272877
004139005022
004400001251
003335705210
002620011700
007089701331
074840447105
004274312329
007554500624
089175600049
089703400264
060426200508
003659311006
063403900006
004400005136
004400004551
008994780310
085865700698
007218063810
085719000031
085231100401
061076486361
086533600002
089758000013
002840018390
085606900513
089819500127
085169400389
007314115935
073692450276
089819500142
002840017141
003915600048
085169400346
002840064307
076777800102
067852307035
002840059829
002840064029
008769200424
004400005177
063551914136
063803161323
004800100968
085775500471
007120216305
085030300651
073748320008
004133102787
002840024019
004900000045
008066095680
004400004654
007457095003
085420800501
005230002545
001200028619
007286923096
083373500137
001200015017
085017600304
001405401001
007800000388
007873200400
063551914132
004242122579
078616200530
085523200756
002840020464
003291700013
008903678200
007433347618
002250600200
004900004660
004400005348
007373108304
067258333169
070221834769
001200011044
003904701565
076394622513
002190881264
004900003103
004900006104
004400005553
007225002108
081529400008
007286923145
002178851694
063551914080
007989340154
061764101289
086751800004
020219600000
002190881262
008390000554
005100024566
007084701247
020331100000
004139003082
001200050408
004800100404
007800012216
001410008547
088937912502
001115202813
073762802560
075346901002
001410007708
001115206630
007457009400
004900002656
001125980688
007499905047
008259272764
004400005100
078616200350
007800000940
002529360090
002840018391
089223400211
004133112446
005200032866
001200017322
085716600700
089703400272
007255443611
007182800227
007286960001
079437610011
003997802520
007313001257
069499000850
078535783626
085884700080
070221834773
007225001137
007797508006
007457008201
064286020052
497284233901
085662400409
085025100497
001200017077
085231100405
085788600604
081809400002
073639310423
007199009511
007373106300
008769210014
004274301310
002840005597
004400005495
085594300205
001115214873
007581000125
004227200551
060265218400
004400004738
004242114006
085231100475
081138701646
007349012383
004133102152
073796400025
072243016002
003410063805
085990800348
001115217475
083112800147
008378322851
078608100509
085523200711
005260306500
086540100018
001356200180
085706300246
004900007239
007488002030
085257400300
081803200001
007373100292
004400005550
070895365101
004400000463
085407400601
005844959058
081809400070
003997804322
004400004483
001200003196
007499905050
002840015907
007084702901
072534228561
001356200015
002400022255
002400022254
003877883016
073748387731
002190847622
007780236080
001376402801
007457065058
006927601240
073990700001
085000376600
007286971370
085149200204
001200016252
087992400024
085358400221
002840064191
001115225768
085428500006
007314115005
086774100027
072375102237
004856407403
007270010228
085347100449
004242124680
085358400205
002840058965
089765800101
089445500018
007071800092
008190000008
074314741010
007304006305
007084781503
004400005107
004154861604
004154873886
085030300653
002840015963
002840005880
001410004915
020223800000
007825000328
061076486365
081788500010
089899900050
075678100172
073363633019
085876400022
007255411205
072811919870
004400003332
007695045030
007205861916
081075701151
002840067474
001200017234
083404100101
004400005135
008870201572
002840015446
085509900723
007797508005
085562000704
074848510297
007373106200
004154305008
007313002525
004154874086
007304015425
003997800316
004400005176
007341640153
060766802804
005260305523
004157004428
007433347667
079878245515
004900006406
085817600250
073882406480
082935410026
002190850507
089819500165
004400003133
004900004825
085257400313
067946110006
085475800103
007457040926
081455802033
007929800019
007457003310
002840067810
004318200098
007800008340
001708287635
007889513113
082969600053
085645200443
007199030065
008411490042
081369402425
007341095665
001657195085
007341002619
007457003400
001115209630
081196102064
085456000504
076566710080
007488002003
007488003005
007255400153
007084702090
064537699003
007356200570
083330200663
004242114008
085817600242
001115202837
001200001880
063314810001
007346930132
009034123115
007800005512
002840064474
085041600253
002840007372
085921300591
007550196006
007294535066
004400003194
490132604007
089175600018
007800001746
490132604022
005844977198
076770700124
004145810534
085630800039
004400005869
067994810088
001200001754
085012600716
078714800205
008721601002
007476465735
003997853300
085876400046
002840014691
085169400363
089277300069
002201404102
008411410006
002840009200
078615000149
003877861032
073341190039
007457091935
005260305607
001820053352
003997800313
086819500040
007800011646
085775500473
002840063801
067852304023
018473900031
002840037297
081692502087
007457053400
008066095615
007349013080
004400004489
081290701107
001200017139
004400000768
490103521032
004400003422
007618364356
078616200296
002840019914
008378353113
004154832885
073215302492
076317618007
692418784248
002840063242
007084703054
002682509005
085352200607
085231100463
004900004665
008259223464
085531000806
007885802010
004400005296
085518800300
070124301233
004260843201
001115225769
001410007522
085604400302
085358400229
007790100405
081809400417
085895900500
004157004426
004408203441
089855900229
001657195084
007231163012
089758000010
005150050206
001820025876
083514300002
089903900203
480777019033
001200081002
008425324425
004400003115
085042800100
004473810238
087145900002
001410007952
003997800844
007496400100
083872400052
008411412357
004139002223
004400002827
001200017246
001820053030
018657000069
085253700564
007041101344
076722602504
079603061493
085300400437
078616200374
007116608182
007304015410
007218056638
020332800000
004242111060
001356210923
063403940002
085407400610
007199030200
073363633005
007800020645
004400005851
002840005313
007797509208
002840004330
004400003545
007431020084
089899901014
036632071026
077394820100
002399100004
085601700380
074917409889
079603081491
020235400000
076733501101
081809400531
085961200131
078616220043
007225002313
007218063247
002840020132
001200001711
069899780913
002840064224
002840007103
007797501016
067994810124
085456000500
001820053025
007142909542
085518800301
078535701287
480019410113
007022750006
008464814801
007800003003
001853724157
064919399999
002840001523
085961200141
004154875084
007457065110
007255429558
078535701732
004400000489
001674131112
018473900011
003915600029
004900005016
004157005278
008769200678
085564300607
085352200605
004900006722
002113011641
007290400003
004900004573
089437900268
003545777008
007499905044
007116608183
004900002870
007314115936
000912500010
085358400201
001853724148
080717671152
072213055509
007203001353
081515402166
078483010050
085990800349
002858710001
087393400204
085017600300
004400002529
003826185736
085191500806
020319100000
061076400031
009351500022
007468210301
066780300243
087145900142
004400003786
007218056635
076317620006
085706300207
085368700405
001115225986
007255400154
001410008561
085016200880
086117000005
004400003041
081511601202
073951090000
071138132090
004900005071
005194328701
008066095315
004400002682
074381931101
002840058929
085055100597
001405403038
004400004326
001657194035
007313203111
078535701288
008983618959
001356210137
001410004810
002840003633
089519200111
008464814104
063598510062
085768900109
009034100643
007457048338
076982816023
004242114015
060265226400
004498901121
085706300216
085604400300
073762800100
018473900106
006927607035
004900005025
004400005532
005260305615
081369402389
073748302093
008043280290
001200018123
060418312172
004133112332
007457046400
007695045018
007341002632
004157006837
007618326378
004154828087
008411403240
085388300311
003915600008
002840020126
008994780220
002840018477
085755400570
004400004426
062868900001
007780259630
007341095657
007889513492
005194370073
089903900239
007114600411
007313002502
089445500071
002840020060
007313000132
007313003057
001200017323
008390000575
084357100588
001200010604
007101207502
087992400246
073112610516
004154861204
007958199525
007373100291
060265217184
085650300440
003700076358
007797508007
004900006105
080717671202
063803172570
004780000027
002430004102
004900007230
085189700405
065762222201
061126913344
074848510298
007142901570
001376402728
008994780240
005100021916
007022750001
082562570004
001200011227
085103500332
001410004734
089223400201
085097700502
061126954601
076982812023
060265226401
078483010095
008259263247
009047821623
007373142000
001200001881
004145703697
001566577045
004900001465
002840058987
008131261000
004145732143
002840015463
001405403081
004498901130
005385200100
005260304282
001410005049
003729620306
007800003002
065762252779
085055100563
061126916357
008259298815
004900005013
078483010030
073599509010
078535701262
081809400214
072383010009
067852303071
004400004737
001410007464
001376402705
019221411223
018473900149
001115215710
007347200131
002571391960
004400000430
001356210114
001410007410
001115229248
007225004919
004900003077
085097700511
063848900190
061300874534
086579100040
081809400555
007889512256
008857344005
081900902002
001405403031
008912521000
007313002611
004856406700
083514300650
007780256081
078535701925
004125300800
069899780994
480777027122
072734400077
004900006726
087393400202
002143800001
018657000089
004400005071
007084701620
001200018172
004123500077
008903642280
007015788271
007373100982
069899780932
002840059851
005200032868
060418312142
007618327057
081833601190
007632000024
001356261001
001200014094
004242114003
072383000017
007199030104
063103011122
007286924100
081803200002
007341600430
004400001253
086747100011
002500005838
063598512998
007618300312
003410017341
002840011541
007064001804
007084781260
001200000935
004400005795
073762802525
004133112422
080717671201
078535700436
024100200000
004133102476
081809400208
007800000531
085961200142
007199030005
003997853301
085948000607
002840020663
007270010081
004400005799
060654192073
004900004269
004400000386
081515402007
004145710942
001200017186
004154802497
081075701049
085169400380
002840064134
007430506605
065625240007
002430004120
002113011260
085270030027
490132604035
004900005026
072213055500
004900002470
004257205715
088937912601
001115214874
002400022238
002840019963
085253700552
004400003223
061076482611
085242700606
069899780763
007618300415
002840058928
007800000180
081779202018
060418311010
089819500117
002840004380
007754429780
007225002131
085649600620
001820011025
007800020345
003997310300
004900004782
004133102620
007286981315
007457081011
020223400000
081570902265
007255411174
074840442017
004145710902
001820020083
007182801102
007199850005
078535701509
007800001219
007313002593
004900002468
008994780330
085047500603
004154801875
007341640152
085388300300
480001664309
088702100001
007693700285
007373100820
004812110208
004400005167
085347100413
002210000170
008259263356
076982830192
001820000834
001200018307
004900004579
073762800400
004227200558
067994810006
001410009480
085456000502
001405403133
007889570001
007356200020
061126942672
007800011846
085604400307
020193000000
001360902111
007457061007
004127734957
081861702023
001405403108
020217300000
078616207000
085365000415
002840037216
004242111046
002840004024
480777027213
004154802686
085097700516
004400005862
003997800124
007797508915
001200014092
089685900002
002840000226
085103500344
002840005598
004145741314
007873200401
079450409910
001200081119
064286090024
020320500000
078615000057
007800015288
008378337512
005260305490
001902204977
007199800350
007341619763
071622105024
001629144158
007618300049
007488005101
004400000486
018473900004
006927607037
007873200220
076566752793
471048705261
007457020864
081985802006
004498901297
008259291715
007142909595
085144900711
003410000031
078615000016
008994780210
060265218403
004400002541
007430506002
085425900526
004154851097
004154801485
085817600205
008066095641
007084702797
005565367020
073112610116
061126971646
001410004664
007341095632
004900005028
004900005011
001200080998
085864100301
081880802001
008200072385
007432912339
008186780011
072811919872
004886731311
062784320278
004154875127
007065100200
005260305562
069843300123
005150050211
009047832100
001200001879
002840008313
005100021590
001820000016
081809400302
073951000282
002840015465
020233400000
004400000379
007488003071
007314115296
007457095015
001356230066
085921300565
002840015960
008248812345
008411410814
003921711805
078535701263
001200028618
003915600604
007341600610
002430004133
007373107151
004400005015
004145711152
085358400200
085958400703
085604400301
085794600625
000856388878
085418200326
004900008019
006731200551
082951530210
007800003001
078011512114
064843610514
001410005023
004400005489
004400005582
002840004389
081627402001
061126910171
005150050207
085103500356
085025100407
078616200373
001159410051
008259266015
007225001118
018473900127
004812129208
085443000241
065762253155
003410000342
003354495041
007457056267
085840700601
004154875126
002840033728
007255472183
004400005171
081369402349
007958199510
081363602022
060265217199
061126976663
007255420059
007618364363
089162700295
081166002168
071514111357
007889512639
002201432050
001410004853
020256300000
085301600290
004100000518
085509900700
085645200415
007790810082
001115202360
020188800000
007800000205
007218056742
001410004258
085041600262
890408351211
001115202786
004812110802
085863800421
085191600300
020335500000
085916200728
002064207274
004145811713
076026340003
001200028620
001115208509
007929800007
006927607031
018473900104
001200000130
004242114019
085458800400
085706300263
007885851062
002840019961
009370910071
061076425129
004886731216
081692502120
007457000700
081809400300
007351000195
002840007095
004400002373
007341095577
089865500021
004139000191
003826185747
008066095785
074381930401
007313203112
001566552080
070559901341
007647968216
005844916701
003997803555
088868310803
007618600051
004400005010
081029100108
004154803485
007001110541
001410007445
004900003165
071006901331
001115243689
001410008553
002840063478
067852304030
002840015587
004400003111
004900006282
007873200219
060205010350
036632071002
007001114284
004400002540
020232300000
005100020475
004900003073
086300600007
007618600518
001410009655
007763375074
007618300397
064850501500
001853740000
004139004140
081397302004
085071100603
007218063069
007373108700
081529602083
007255411146
007286923454
085495700201
004900006281
007800008216
063403930008
085103500363
004400003117
078535701944
086823500046
008200072908
061076486377
004400004553
004400004203
020319900000
001200016313
004400003221
085606900509
005100022067
081218602042
007041101343
008569310702
007182800308
004400004554
004900003075
002840014741
007313000075
085817600213
085194900461
002190850335
007373107109
004364620128
002531700697
001410004968
085817600217
003997800347
086081800011
001200003068
081833601188
081654601046
007476463810
063625174900
081356800279
007885802023
004900007512
007239231921
071622105002
001115244953
085358400202
085343700202
071157500491
007199017044
004145706065
063574000221
001115242126
480011601601
001200017107
063243273777
081878001439
007457065030
004400004650
079844900811
002840000210
085041600263
085300400493
001115204283
063243275777
001410008550
007831411175
078535701943
081627702000
004400005104
003997800461
085231100474
004900000463
072383010012
002840024018
085253700535
001115215682
066780300075
085347100451
004900002469
002400022253
089899901065
007116608181
004400003538
007431020080
081833601018
084357100589
075124912706
007314115302
024027100000
007373108701
073762808250
001410004947
001878776516
004242150063
004400005134
004227200400
081799202003
076733501107
007182800214
007695020471
007218063694
004145704728
007346930136
007737719621
081861702034
001405403130
001200002849
007199800340
008425324424
007239232991
007245755011
085509900702
004900005539
001200016315
007239232791
001115209390
061076486343
085016200822
007800008316
007800001180
007373100954
081878001147
001200017258
002840011895
007218063717
004082204320
001115201090
002786202016
001200001279
001820096715
063598554890
008259219415
075678100092
004400002681
082935410002
089277300086
060265217186
007349018001
007476460109
020319300000
063243270877
004400005126
002430004431
001410004720
002400022247
007457002310
007707900400
081075701046
004400000293
073475600400
067994810053
081809400290
002840003400
005100021908
004154862010
004886731312
085103500331
085676900658
007225002109
001200017195
080717671280
007341095596
001115244228
004133102889
001820000106
004400000490
007457065109
008474400101
081861702036
001902227143
480168810351
480001610509
007114600401
008425324399
005040074023
087145900022
001356230065
072822901431
004900005541
007800008231
002840064203
086751800002
081878001149
007116603124
001200017138
073748302083
089751900153
004133112437
088937912604
068765260050
001410009484
089203500200
007341619761
006927607010
087145900012
002840007094
020297800000
020195600000
001376402703
007800014945
001410005018
005100020472
002786202018
007433347626
007426501424
002840006813
007341600302
061126954602
007199009516
007203002280
004900000684
089899901067
084655800021
085189900576
004749521004
074848510293
085300400439
073734900233
085604400304
001376402720
001356230215
006727500651
073639310400
007488005738
086369900012
001878750503
078535701729
085047500600
001626401110
085495700265
002400022249
078616204000
074314741021
007064001810
073639310300
078616250700
007800011346
003354495051
007084701770
001878750501
007373107200
003997800919
007797508217
081302602015
007885851020
076733501117
004473810235
063243233340
060275500628
063888200098
004900007596
002840015443
074447347011
085719000019
020346900000
067380310002
085315800411
063243271777
084223400139
001820011352
004900003012
007304006250
007313000633
004400003323
004242114018
081809400224
076394622507
002531700556
008982630123
008390000577
018581400060
074281270061
001200010451
005100017548
004900005027
085817600248
005965451001
007313001243
085645200445
004400004258
001200000729
081880802027
066350500206
089819500168
001115213612
002400022245
063243233360
007341001291
008411400997
004900000612
073599509201
007341095574
002840002333
007203002296
007341002633
081247501230
004400005174
004400005040
004400004032
072534229043
001356261006
001356249402
001410004981
007430500016
086135000000
001674191112
085323100710
007373108305
001115226129
063243291120
007800008239
078535700435
001622990293
008131210001
007457025117
003291700200
007618300019
007800001610
007800015240
007260904963
081519601074
081060702166
081302602013
007885851018
085202500220
085636900447
001200000311
007800011342
007488002008
085514000217
004123500034
001115248266
081567702204
084042310166
007893220655
490133500198
490132604025
004300097903
002113011258
002840063980
001115243688
007800003180
008903678000
007800000362
004749521019
007079640010
490158891016
002500005381
073215302481
004900005014
081994200003
085269600236
071514172928
004856407300
007797508822
004154822285
085645200444
085594300206
007618326363
081567702202
002840058903
004900006091
085980600357
007341602004
002400022244
085605200213
020318900000
007089718331
007225001119
004242114017
007001114294
002430004432
007199030120
007289000152
008378337545
005040015100
007116608184
003114286443
001410007947
004812113547
004145703694
089903900258
084288509715
004408204541
081515402000
007430505116
004400003116
004400004101
078264300020
004400005133
081057103005
001410004860
004408203421
001410008203
085817600206
001410007444
004400000746
089519200121
002840020743
490132604034
084223400212
076733501110
002500003223
083514300074
003291700219
008266650200
004900007546
007435000001
002840020183
019221411221
073341100009
070559901112
007695045011
001115242125
001356210104
001115242119
004900005024
004154802785
008411490056
081529400007
068069210109
004154855085
082935410068
004900006106
073762801026
007997540031
085562000703
085301600266
004856406003
084223440102
065625240001
004749575103
002840064225
009047821622
084655800004
002840000211
007281029360
004900006101
007373121000
007873200227
085661700596
089175600060
001200020237
009190320101
085501900400
001708287740
085240600379
002529300385
001115223835
085541300362
007800005346
003291700235
001820025001
085103500324
007313000243
008982690033
007278300660
008769282102
007313000685
076317646024
008857344003
085706300293
003068479065
004812122905
083112800145
007203001339
007225002017
085345100300
086689000012
007658014248
007430505216
081809400557
001115208451
069843300091
004400005845
004400005801
085041600264
001200000230
085253700569
004400005644
001410007712
001657194037
089940700300
007218063245
089903900259
002840020546
085155200501
085518600620
073951000283
072534228356
007800005288
085257400310
003291700054
003997802662
002529360091
089044400056
002840019924
007695045017
086174500007
005040016294
009047841009
001200003245
007800021945
004154883379
004900000594
004900005017
007084700003
007341604003
079540092733
007794824660
073639320320
002250611510
004856407104
005100017547
081302602047
004133103828
060418311040
007064100005
078535701207
009505571650
004154804785
001115203851
007457034804
002840008103
085775500475
089413700210
007505000616
009034100646
072822914029
007457039572
073748387735
085240600336
002190840775
007270010128
072534228103
007885852096
072745200011
069899780930
007989310834
086052100010
085041600247
009190340101
002529300273
006927607036
085017600302
007800002665
081302602001
001159410044
064843610025
007114600119
007255400150
005260304094
002840015586
001115222561
085309400410
089176000275
001410004656
085631200222
004133103240
007554500613
001200010092
061126926373
007357570301
085817600280
002840015447
007800003024
001115246329
060265217185
007294011207
007800000831
074381930101
002201404402
001629144145
007554500612
004900006724
078640900001
078264300010
007084701755
003997800918
082969600083
008658100508
086123100045
007245788055
004400002829
001410007233
004400005043
007084700322
061126962373
003619215010
087000100022
007071800157
002113602037
007120216313
004400002991
004400003258
081515402170
073734900054
081195501101
076777800101
078616200281
085736000440
007356200510
001356200143
003410066805
085231100427
007349013187
002840009058
008870200952
008266650070
081809400561
002840014739
004145811704
007255400152
062168392125
004154800375
060888300010
002840020975
007116608185
063625174209
007142902437
002540780380
075452700201
008382010401
003915600013
085122200730
020319000000
001820021985
085777500722
067243800261
078615000014
020319200000
008200078142
007763375049
009393650339
003921711802
007341095566
007341002554
064470300003
004812121657
081330501200
005103100102
074314741012
007825000605
002113012295
081075701002
007203002209
003114200011
007001111332
081149703100
085257400320
002840019476
081004103002
060862300039
480901168137
085523500211
089819500101
007286981316
001115225770
005100021837
073475600404
004133102635
004139004120
008425324400
007800005240
003260195195
089855900211
080154150758
007079670006
003260102508
007457065220
063803161238
002840015541
002230420312
007255411058
076466500106
073291322788
078732520013
007457008202
003997800222
085832876218
078616200297
085832876212
008411490025
004145730785
083514301174
007349000000
004400003338
089044400029
004123500081
004139001455
002840062581
078535701259
007101207503
001622991457
002840063483
004400004466
089771200106
008411411336
004900007870
001200018377
085604400306
004139005004
007800000197
002682500010
008411411803
081052101104
085980600356
061126911357
065762240186
880104530302
001410004712
004400005129
061126918246
001200001672
081029100105
002840064644
004400004488
004400005161
081075701012
004400003219
007707900416
005100021591
085169400381
085041600227
002840022772
007581002325
004400000773
085895900589
007800000117
004900005614
085055100561
078535783526
071514150349
007969422112
088937912503
001410004422
085754900420
004400004637
006927603210
004900007034
001200010151
008982613028
067243800101
008378353111
007199009527
072383000020
020189600000
007203000161
020331400000
001376402717
081790400086
007225003706
002840001775
002113012327
008066095715
083514301271
072788840183
082969600054
007457018670
085998000300
085606900527
003877861016
001566577125
490132603084
082935410001
063888200094
004657280007
002800055141
005260305429
076317614012
083514301054
081075701165
003354495022
060418311020
020214000000
007143934450
007015320122
007800000343
084223400074
007218063471
001200018121
003619212703
061126916345
007430503412
004400003483
081369402346
004400000713
007079670003
061126928310
004400000224
004400004257
004400003039
001820025874
081369402342
004139000150
008131210178
066780300005
002400022240
001125990422
085388300302
085295300149
004400004251
004856407205
001115225989
074848580316
085295300135
007848745271
085355200301
078273300001
085999400601
002840037219
081809400015
002818930767
004260847002
087992400270
007889513290
007457027400
007373117001
001902227142
085550000246
080440110624
004139003051
085763600656
008425322214
007581002125
004900004784
002399100017
085601700381
062845178904
079115444910
076317613019
073734900181
001360902078
063625174163
020213900000
003915600414
001410008784
085817600279
004400005870
001115209627
007373108433
008769200673
087606300202
007457002700
007218063811
007084700005
007797503403
007286972301
089899901000
002840033729
008425326030
007101207509
081833601184
002840007165
007373100290
008775412002
007754480620
078535710062
002840037215
001115225987
074848510294
001311461286
085550000245
085097700501
001708287631
081567702209
480001662553
002840018479
070559901117
004900006521
007797508215
001115203194
007286923095
006205810311
004227200589
085662400415
081529602087
007797503404
002840067477
007373108104
001200011046
001200000134
003291700158
004900005015
004154848753
060265218402
009879451504
003997801298
085876400047
007341605091
004900006721
075452700994
085025100402
003915600007
020199800000
085814800314
004812118407
007289000011
085990800304
063243233330
005965470500
004400005138
085360700134
008259263403
085814800309
007658000493
004408253341
004400003544
001200017111
001820025508
007618300249
004400000068
001200018170
004400005803
004240022010
007084702793
002840017974
007457008400
001878750502
007297900418
001820020132
001820079047
005040073942
085042800109
007203002239
005040075116
007313000367
085030300652
076722633950
003879492005
085301600257
001550018368
007286973290
008912512000
004400003534
007800001280
083514301172
075346909002
002840015583
005565368800
004900007477
007457071846
007457014938
001410009658
085407400604
004400000457
085817600252
002840018382
087000100007
087000100038
089792200282
001125980686
002840042054
061126928193
002253150303
004400005797
060888300006
004400003271
071923500621
004154824404
002113004939
067380310001
073748387733
480012490290
085645200496
007313002855
002840017825
007341095670
007203002166
001820024001
001853772799
000827444444
085814800307
064470300001
002858710107
007116603129
009190394110
085961200150
081326702001
020203600000
007800008209
089899900752
002682509018
002190829102
081330501549
007313000026
007203000018
004812120706
081330501331
007203002164
002430004106
079603061496
007218063718
081075701000
084223400051
066350500032
007218063244
007001114298
001626401105
002682500011
007084701920
001622990147
004900004255
060265220400
007349012476
085448700603
004400005166
081833601182
001512418986
007457026702
085865700693
007071800101
007618600058
005206600003
002840063978
490103519011
004400003113
001410005047
004400003118
001410005017
001200017119
007457002400
002682500019
004856407010
007800000118
002201403102
007349012477
008411410854
078483010000
001626400676
007294535071
089223400204
063598522413
001820020080
003915600091
007341001282
008378316000
084223400166
005040074014
008200078967
001410007462
079878245111
004856407107
007800009816
078608100507
004145703867
001115222995
004900002890
001410008539
089361500209
004400000474
002840059668
008411411502
007457065802
004900001916
072375102238
084357100234
085794400627
001115243169
002201403302
061126928145
008411412353
018473900030
089899900618
004400005098
007314115294
060265217182
061126999100
068907692978
004400004557
001410009997
078535701924
004400005552
004400003418
002399100011
078535701265
007071800096
004157006827
085290900352
074236560710
007618364357
008411410853
085725200607
001933640010
003997803184
082951530147
008411403238
007468210350
007800001214
089819500136
007800003027
007554500626
002113003152
007457065176
004154800785
007800011616
085272413331
001200080999
004145701046
004145730220
086287100031
073178903520
085426200318
007989312024
007218063979
004145707013
007218063243
004145771331
007218073366
007218056632
007341602012
004145776739
004400005579
081833601023
004154873986
007022750212
006927602013
007507610021
085706300202
007038110000
004400003042
085606900515
001410004616
073112610316
078535702161
074848580319
003659312001
085118600704
007885851011
007457043400
007618346972
002840019998
002840063955
081052101101
007022750012
001115201246
089044400087
009047821625
075346901016
004154873786
004154816378
007182800209
078535701627
002840064204
004400004474
004400002854
001410009656
002840064432
002840063218
002840063771
002068500029
007487396015
004900007510
007800000361
005096833001
004400003043
004400004575
004154875082
068907636764
004749521002
061076486381
074447347055
007457017319
089735100022
002840006408
007695041516
080440110924
085324700305
002253150204
001200016319
074848510295
008266645001
085300400402
020206000000
085458800401
085016200877
007457004408
020214200000
007763375019
007313000067
007144830301
007116603125
007420065509
007294535069
007420065609
085706300243
001405406105
007873200424
005103136123
063314810062
001405403058
004498901124
002430004101
005103136124
008259272015
007341095658
003785477415
007341013413
081075701001
085794400628
073734900046
001143311511
004400003101
004400004354
089940700401
085324700303
089435700258
073178913025
004400003325
004400005555
004400004717
085509900724
085958400707
007286971372
007393068010
084223400332
004145776015
004856406005
001410007435
004145722208
085041600224
060888300002
004145747415
001674100014
085355200309
083342500503
083342500605
002840009482
083373500170
004134511512
085068710002
002531769300
062168302015
084223400097
001200038780
004145732810
001200081331
007457010895
007373140500
084797200000
087145900021
001200010606
004154897640
007373107001
004123500083
081833601019
007341654430
007175736007
002818910270
003377601174
085041600229
007800008516
001356200261
002840064726
480777027005
007800000939
008425322230
008464814103
002840001109
072822901315
002840005310
074447391234
008983615758
001200080997
085523200735
009047821627
007800005242
007800005416
004145780228
004157005416
067852303081
078535701260
087145900107
081075701013
007457008205
081511601016
007314115829
007997540010
004157005791
007780258752
004900004574
085598700337
007114600402
004400000057
003619210517
078616215000
007695045001
073951080010
085593000105
081814802077
007800015246
007457088932
003291700159
006264607022
001115285168
002840063975
081809400010
001200000180
007800000204
001410008548
007800000034
002682500013
085469300001
007488003006
007488006935
060418313040
004123500070
002840063657
085598700390
007885852095
002840015458
001200017324
002840064524
085407400606
070221834761
018470600004
007270000011
007800001688
004133112001
004400004487
004154868517
078483010040
081029100109
081907901058
002210011219
004154875387
085518600649
009190394210
007885802018
004400005132
004400003222
068069210360
007079621013
001115214595
085428500087
004154822077
001200000611
003659311005
004400004558
007084702290
001657195029
007800001716
007255411119
074840442042
004400003202
002399100012
004900006407
078696901005
008044100061
074447300112
086300600006
002253150266
502939600044
085253700505
081809400388
001200016199
890408351029
001115225499
060418311120
085017600303
074447347613
001200018060
007800001954
081075701006
007989340150
061300873783
001902205448
007373107107
007885852051
007341600630
009370930010
004400004387
004400004469
004400003047
086780100010
004400005781
001115221348
083514300181
004400003220
085300400495
001115218693
002840004770
007457056014
004157005401
009492214999
004900006102
004900004121
078483010090
007084781117
005260305473
074281273071
085360500604
007313001249
089735100032
086369900010
004400005838
001410009657
002840058932
004900007545
085177000364
088937912504
007488000401
007800000209
009492214998
082562570150
081515402162
081809400609
001410004443
480168888040
070332745000
089445500052
007430503012
007270010406
085025100400
085794600626
001115203566
085290900369
002840020465
085518600650
006727500655
001200017260
001583900742
081369402412
001200000746
004400004652
087992400026
078978501965
085269600238
004154813385
089162700294
085509900704
008468517007
085282300605
002840020131
002540780500
007281029358
001566560100
007457003700
001820011047
003659303202
004900000977
001583900823
004154857892
001115209939
007199000047
004242111061
008378322853
003354495021
002840006406
007457062988
085189900575
072822901479
085025100417
002840010620
007270010223
060275500141
004154876686
001820005990
018195400002
007618300223
004138315548
085282300604
085814800308
004139002212
003410051681
073150972077
002486621018
004145710907
007618300294
020231200000
004145701457
004133112743
005260305472
078978550013
007618326364
007349012828
068635280295
002068500025
007064100009
008066095675
004744591932
072383000009
008066095787
060275500626
081790400080
003160011811
085814800311
001405403136
007218063469
009393650340
085030300620
085420800508
004145712309
008259272615
001405402605
085262900460
001410004481
081029100230
004145776746
084042310163
004154864807
004800100961
001405409305
004900000044
078616200512
085570700601
085097700510
070385686305
087606300201
063243233310
007182801124
063403930011
001356232021
001200000716
001200018161
074447349213
085231100400
085456000560
001410008546
004133103782
004800100964
009232522222
009396600558
089940700500
072788840184
004400003195
085231100402
004256301715
083373500008
081809400529
004400004577
001410007419
007142903025
001405403102
007084701712
007349018003
001657195210
089445500031
003534261576
081369402364
001820025873
081809400713
004400005804
001410004782
081369402352
004900007237
073692418282
007084702732
004400005844
007245733101
001200016254
085958400743
089469700230
078616211000
063243291140
004400003324
001200028617
086082100011
001200018178
081365702000
018473900212
086819500041
007356204510
069499008558
063924602066
076722600349
085817600232
083373500260
007347200123
081985802004
073748322143
007488003546
068765217800
003545777608
001115210743
089751900100
005100021518
003608812104
085475800116
073951090041
003879492001
007800008346
007695020455
007800001616
004900007893
007346930131
081684402525
004274312186
005385200400
004400004472
007457059187
085103500362
086117000009
085097700512
002818922840
074917409888
001200050405
007800005246
007618600511
001115219432
085169400361
081435302014
003260102549
060265217161
078978550025
085773200279
002840064205
001115244368
082969600080
007800001223
001115222565
007457000400
004157005418
005260306504
081397302011
001115200771
003659311017
004900001463
003068476998
002840059669
004900006090
083514301056
062805575846
007889530002
085283400200
008066095605
001115202539
066350500214
007554500622
001115212138
001200004300
002531700721
078615000001
079603061494
003354495053
020234100000
004812125505
007313001120
085775500472
003354400013
085352200618
071612312816
007001114300
007313000549
007182801123
007182801100
004154315019
081290701110
081915301015
007205861913
004400004260
085231100469
081057103004
072243016001
006731200525
007800001305
003659311009
078535701933
007218063975
073762807950
081841100001
007286973292
004900003124
084357100709
007255429883
085794400629
085337000630
001583900821
067852304012
069899780764
004900003074
002840008314
073150911012
078535701506
002840017077
002840064132
007199800190
007800001182
072534229121
001115229118
007889576001
089175600043
087145900152
004145709565
004145706043
004145727256
002500005899
007373100121
007349013191
004154803985
007582000000
007800005446
005100021914
064850501505
069499001250
471563585301
004900004336
004400005734
007341604058
007457004400
085645200441
007800008246
060265217120
085594300207
007797502275
081369402505
001410004965
002840001872
081507402040
007800011340
007079640009
004400004454
060888300005
004900000548
081529400019
081627702003
007800011316
078535701206
004900004086
081369402390
005260304283
007292401204
083330200665
007800005316
008411411503
085817600214
085710400700
007885852050
001410009605
085324700304
082562570350
085871900434
008390000553
004154860810
007349012350
085016200833
085624700504
072383030047
003354495042
008066095711
007015329049
008066095695
007199010033
007835471918
005040072958
007313203113
001115240342
084223400099
085030300618
007763375072
007294561003
007225003712
490133500204
003997804940
067810815117
007218063808
007373107150
007270010082
001159410055
007800020616
002113003258
007341652780
009047821621
001115242122
073178932134
007457001400
007800000161
007554500616
061764101285
085000645501
692418784069
001200002454
024274500000
003997801184
063243233320
004400004566
004400005871
001200017154
089469700229
007236813601
081841100100
085788600629
084037910136
002840008405
007038112131
004400005170
004900002891
004400003420
002840004098
004400003112
073748302095
005020056100
004900004523
085958400701
385989273446
005260305561
085662400459
004400005346
073748322144
081788500002
086655800000
007618300247
002840022988
085532300259
081692502118
007794800903
007022750167
085661700510
007889513111
007505000611
007889530001
081985802002
085169400379
004856480001
009370960044
078535701934
001996275523
001115245337
007554500620
003619212052
002399100023
078978501963
081809400001
078978501970
076566750040
085308700402
002840043143
001159410056
007800001389
003291700165
084042310205
002795821101
074381930301
007997540003
078535701710
004133103884
020206600000
020170300000
007341001290
076394622512
008769200754
002113012325
007203000081
018012700010
085990800350
089445500020
018473900211
061126922612
001410004743
085817600254
003915600043
007873200413
007055175304
004400002477
004400004631
007084703191
009351500021
007341640204
007618300222
002113003234
072534238171
006727500656
007349012612
007800015210
004274320317
001356231302
085456000503
088702100000
087393400211
004400003048
007022750002
001200003066
004900007484
002400022250
065324610009
062168392025
004318200869
003260102511
003260102509
006927607005
070874496416
077776200414
001200001276
079285135656
004134531712
004157006836
083514301052
076308901502
007889513115
070895360102
001115229100
002840004144
002068500164
002840007132
087606300203
001115245391
002840065555
076982812035
007800008309
007554500669
009047841004
001820005989
003997800620
007349012361
087145900133
007022750169
007423499112
004260845905
004173608003
020325000000
008839400017
085961200129
007457008005
008378337550
020331000000
001410004338
060418311050
002178850695
007647964216
003410001509
020331300000
067243800068
002113012323
007203001108
008378337521
007304006215
001820025509
007313000125
085509900726
007218063983
003904700140
001311462576
080717671170
001405403071
004145701107
004400004552
001356230261
007797508731
002840058923
085980600354
007488005737
074616784004
004459613039
007084702053
007084702152
002531700696
007314115344
073449270130
080154150016
070038117163
004400005168
081515402164
001200018103
007373100419
089445500037
002840064306
086408700040
003997800236
007618300224
081529802041
007085201041
004400000225
007989310835
085824600175
005100020473
007246300021
004133102067
007292491204
081959701078
007958199511
060265220601
007035331620
074840442018
063561700002
007341095565
007225002112
007313000073
007797508004
064470300028
007225008717
001376402722
007313002539
003915600078
085284600716
069917631751
081799202001
002840000024
008378311010
068069210220
085231100451
001410004931
004142002183
001410008578
085194900433
001200014207
060265220602
004242150028
008266645003
002858710003
020204500000
081027303005
078615000030
007346930134
002840064549
074447391231
007893220652
007270010200
001115221679
073639350913
001115208508
086300600005
020189200000
007373106500
005040010725
085358400234
002430004130
001410004807
007347200120
003915600046
007278312999
085443000238
001405403051
001405403097
089044400086
086762400020
007946200458
003659312004
002840020942
004400005371
001410008470
004260843202
007294535070
007341095628
085706300204
081809400008
007457098025
002893401001
007022750019
007929800005
004400004100
081515402172
002253150208
007618300248
071622105022
001708287706
004812113545
076394622506
008769200033
005040074019
085110700300
004400005852
085300400403
007695045008
004400005570
085564300604
073363633101
004900005537
085052900445
007780258741
067852304025
004800100400
078616200298
081989801314
072534228393
007064100006
004400003339
085864100382
007800001234
085418200323
060275500658
007199017028
072243016003
007286972269
490133500197
007430503112
007001116363
004400005172
085729000538
009047833100
009034100645
078616200548
002840066655
085921300500
005260304281
001200004644
085000645502
004400005105
078011512118
085662400412
085231100452
072534229373
004400005643
007457065149
004400005094
073363644001
008266650090
002210000004
067852337548
007203001968
001820020068
001115242123
085240600319
004100000519
081052101102
002400022248
008190000009
004400004103
061126910802
073796400087
001115222007
007831421175
078535701730
081166002172
005020056400
007618600001
087320430801
085550000241
081363602023
085645200413
008411422197
004856407200
085509900701
089176000296
007800003211
007336611829
060265220600
008190008009
085407400602
001115201096
001159410049
085189700404
001376402719
007313000278
085352200604
067243800079
001853740004
002113012549
004400002456
072243060048
008259298864
001200016325
085626000657
085958400735
009232522224
080154151232
007800003147
085315800403
085661700517
004400004444
002840000088
080440110604
081466901078
003291700032
081878001193
085601400202
007245788069
004856408702
085773200277
007800000341
085169400360
085916200726
003260195194
004900002892
004154884182
007800005210
007754482600
002800051720
001200002847
004400000878
007286924110
082935410118
007800014816
007270010405
002113012326
004900006723
020332100000
007245733108
020198300000
001820000784
085605200285
008066095774
087145900136
004749521001
085231100406
081684402527
001200015005
002113012322
061126931375
007695045021
003354495060
001820018992
888630321020
081799202009
085016200837
073291355501
076770700138
003729620303
004145707690
004400003327
004145707503
003729620305
001376402813
004154855586
004812125511
004145747326
007800015216
004498901125
007693700281
071157500516
007071800094
085242900528
002840004349
065143360114
081833601022
085594300225
085814800319
085706300200
008903644280
007800011388
081684402526
064843610003
004900001464
072383010045
005210037160
004145706432
064924183813
081029100176
002840011688
004400005481
069899780616
072534228381
074239270290
085832876112
005260304184
001410007487
004400000699
080440110614
007800000114
008411411391
004400005372
004400004486
085817600211
001200016317
001356200170
003915600201
078978546580
089435700203
001115242121
007800000075
007800000162
001410004861
004400005109
004145811743
082951530146
007067000548
078535701909
001115229249
089044400057
087145900134
007457052400
081326702000
007341604022
007373117000
003354495044
085030300650
007488006170
004139004100
007199030030
004900004575
004900005034
008378338102
001405403151
007278311901
001820025000
008066095955
020318800000
085186100611
072383000002
085030300610
004145784051
007001116365
004400003049
007800000408
007800003004
001115215684
007457036588
004400005853
007341653310
004900005072
085135400040
088937912500
009047841002
001410008900
007800012246
001115204906
003619215011
002399100010
003997800464
007041101341
083514301269
004400005839
007618300310
007488840006
061126920643
085916200733
088868310806
490133500243
001200001420
081907901059
018213600012
004400004648
001356230055
007440170423
085523200712
003877883032
001410004263
004133102901
004900005456
078273300002
004400000488
081515402160
061126940218
007064100039
078535701261
002529300270
007873200215
067852307031
002840067808
085706300267
078535701740
007797508821
002840021727
003260195196
002840004768
002840059002
007349012827
089044400023
007457062296
078535710041
081809400007
078978585289
004154813575
085012600712
063625174264
007457036478
079653522082
072734400023
001820021986
003354495031
007278312100
008769283231
007431030080
085223000307
087902603150
085604400303
078535701936
001115202831
001115222009
089903900208
001410007412
004400002735
002018806013
001159416007
004400005588
002400022246
085443000240
007373107130
064843610069
081809400392
007780241421
007800015245
007114600103
001115215063
004145711398
007695045036
007800001640
081247501225
085725200604
073112610216
002230420512
080717670594
007754427606
002840018383
007084781271
085832876130
085368700404
001200080996
068069210102
004274320272
002840004025
004459613037
007457001310
002113003153
085110700303
004400005805
001200018146
004400005800
001200016324
007341095567
004133105019
009047841005
086442100035
008797502650
063625174002
008769200686
007800008240
085871900405
007800014842
002840037218
004900007487
073215302493
085047500602
085961200113
007800011310
085768200368
085916200727
007203001342
068069210180
004400005802
001200018167
001115213407
008411410597
002840020068
085301600264
081075701037
002529300169
004154875080
001200000720
003879492008
009370960033
002840015741
004400004265
078616200531
085231100403
071514151464
069499008364
007347200119
007797503405
001376402803
003997800364
007695045057
083514301176
003410057341
072383019247
003727916040
004157010938
002840017181
001376402814
002840015631
085169400302
007800000369
002840064707
085706300242
003997800311
007203001421
001356249403
001200004246
085745100031
002500004018
007071800076
001820014990
001410007860
004400001777
068069210108
003727908003
004900000764
001820025931
004400005914
005040016100
001410004654
004400005556
008425322260
007800001816
064470300015
074447391232
005390000032
003291700164
007199800370
007270010204
004133103786
078732520084
005260306503
007488002201
007286923097
078535783160
069899780698
004400004355
002840015224
007800014645
073341117770
085315210007
081519601192
001376402712
069499008370
004154861404
085662400414
004179500098
004900007238
085165300431
001410009362
004886731313
089819500109
007023401790
085443000255
007225002075
004900005010
020335600000
089445500032
004400003225
004400000335
085871900401
086171500031
085358400228
074249900100
081567702207
085309400417
001200018144
060766810004
004400005832
001200000717
007246300035
001376402802
085300400489
085191600348
002840020646
007313001237
001115229698
078535701712
001405413505
083514300691
008425322231
004400003037
001410005019
089903900206
007373100415
471563585046
007946200263
004900007868
008464814803
085155200510
007313000732
007001114302
071006931560
082946200117
060418312174
089175600016
004123500032
004242101480
089798801282
072383037011
004856406000
004154803475
076421865549
003291700009
004799585507
020222100000
063598506744
004145782775
007015320121
005200032481
007116602901
001376402807
004082204321
085604400317
085745100037
490133500242
085475800100
001200018142
004400003259
007289000621
020206300000
008411411632
007550238667
004157005244
020256400000
003742730743
003114200525
007647962616
002840058927
004856406707
001115200007
001356261010
008259263375
008468540004
004133101331
007488003550
064843610004
001410004969
004133102163
075452700885
007001114295
008912517000
001356200262
007618332363
004900002933
073748302094
008147569153
004900006984
004900007384
007373108202
008425322211
007286923455
004145708548
007420014598
007313000140
002840064305
008769200854
009034112004
004400003394
002540780331
008912525000
061126928136
007457008406
001200002845
078616201000
085426200300
085871900400
008721601001
001820053047
079603011494
007447101720
002178801697
001360902054
004179382493
089940700288
085832876154
081455802061
078535701923
007457044400
004400001252
004400005518
071157500373
081529802040
081861702070
004145730518
007313000432
008259201073
089785300293
004145730363
004400005840
001200018058
007071800095
020234900000
004175703145
004812125319
004157008974
083373500006
007349018023
001657194033
004812113806
004123500082
063561700001
004900007489
086117000000
007797508009
001159416006
004900006103
002840020059
007071800078
081397302014
004145704449
007245766022
081994200016
085191600347
003410057636
089223400202
085418200324
008411410815
002840063450
085543700629
004139002081
007488006171
063924602063
078535701935
070175068386
073639310323
004133112402
005206600004
085103500323
089819500134
007255436840
001115206318
008066095683
085323100711
001674100010
007800001188
007255487026
001356200260
081302602008
073537560325
085034800328
001200000452
008769200804
084042310175
002531700559
007426501003
002840059732
003410061805
002840064475
001200028622
005194328704
007199017049
003904700115
076566710387
085068710003
085240600374
004133112334
004856407002
081959701080
004400005032
002840006399
003798327910
009047841061
004900004751
002840000345
002840006404
085407400603
007997540059
001410004859
003291700201
004157013001
004400004098
007085201042
004900007544
085041600222
081425801011
089899903000
005200032867
004473810234
004154802385
004900007890
079570908511
005260305522
004900007620
087606300280
001853724757
007297900443
007231132124
085041600228
003260102507
007800015345
004145743776
081915301016
007433368330
005020056000
001356232050
002840063764
003915341300
004900003108
002840064476
005260304170
007035350202
002178891629
001410004845
083514301099
001125990402
085689500384
001200017157
085270030017
007797503406
007218063716
085191600301
002190850124
007989340152
085609600302
007800005342
004400004546
004400005642
008066095721
087393400203
007373106002
065762230555
085706300260
007152415930
089162700250
005565368810
007873200411
085817600282
007482300021
007239231928
003619212245
085729700500
078483000080
001410004970
070124301111
007499905045
004154875090
007182800211
085817600233
007800660010
085645200482
007618332356
007022750051
008066095757
002253150301
001115219890
085355200303
002840008404
073621170108
007457065148
471563585300
007199010071
003374800112
002840003770
084223400195
002840058989
007794800902
085817600281
036632071019
085840700600
007255430204
020319800000
007737736196
008266650080
007203001969
061126928340
089175600044
004400002542
085282300600
001200062036
083514301311
007225002016
073537560125
018581400025
072383010001
061126921245
085706300266
001376402713
078535701497
004145709581
001410007477
004134551718
001410004661
060426200308
072383000178
076770700118
085864100378
007225002074
088306100009
002113003259